0.24656194467669146 0
0.24656194467669146 0
0.24656194467669146 0
0.24656194467669146 0
0.24656194467669146 0
0.24656194467669146 0
0.24656194467669146 0
0.24656194467669146 0
0.24656194467669146 0
0.24656194467669146 0
0.24656194467669146 0
0.24656194467669146 0
0.24656194467669146 0
0.24656194467669146 0
0.24656194467669146 0
0.24656194467669146 0
0.24656194467669146 0
0.24656194467669146 0
0.24656194467669146 0
0.24656194467669146 0
0.24656194467669146 0
0.24656194467669146 0
0.24656194467669146 0
0.24656194467669146 1
0.24656194467669146 1
0.24656194467669146 1
0.24656194467669146 1
0.24656194467669146 1
0.24656194467669146 1
0.24656194467669146 1
0.24656194467669146 1
0.24656194467669146 1
0.24656194467669146 1
0.24656194467669146 1
0.24656194467669146 1
0.24656194467669146 1
0.24656194467669146 1
0.24656194467669146 1
0.24656194467669146 1
0.24656194467669146 1
0.24656194467669146 1
0.24656194467669146 1
0.24656194467669146 1
0.24656194467669146 1
0.24656194467669146 1
0.24656194467669146 1
0.24656194467669146 1
0.24656194467669146 1
0.24656194467669146 1
0.24656194467669146 1
0.24656194467669146 1
0.24656194467669146 1
0.24656194467669146 1
0.24656194467669146 1
0.24656194467669146 1
0.24656194467669146 1
0.24656194467669146 1
0.24656194467669146 1
0.24656194467669146 1
0.24656194467669146 1
0.24656194467669146 1
0.24656194467669146 1
0.24656194467669146 1
0.24656194467669146 1
0.24656194467669146 1
0.24656194467669146 1
0.24656194467669146 1
0.24656194467669146 1
0.24656194467669146 1
0.24656194467669146 1
0.24656194467669146 1
0.24656194467669146 1
0.24656194467669146 1
0.24656194467669146 1
0.24656194467669146 1
0.24656194467669146 1
0.24656194467669146 1
0.24656194467669146 1
0.24656194467669146 1
0.24656194467669146 1
0.24656194467669146 1
0.24656194467669146 1
0.24656194467669146 1
0.24656194467669146 1
0.24656194467669146 1
0.24656194467669146 1
0.24656194467669146 1
0.24656194467669146 1
0.24656194467669146 1
0.24656194467669146 1
0.24656194467669146 1
0.24656194467669146 1
0.24656194467669146 1
0.24656194467669146 1
0.24656194467669146 1
0.24656194467669146 1
0.24656194467669146 1
0.24656194467669146 1
0.24656194467669146 1
0.24656194467669146 1
0.24656194467669146 1
0.24656194467669146 1
0.24656194467669146 1
0.24656194467669146 1
0.24656194467669146 1
0.24656194467669146 1
0.24656194467669146 1
0.24656194467669146 1
0.24656194467669146 1
0.24656194467669146 1
0.24656194467669146 1
0.24656194467669146 1
0.24656194467669146 1
0.24656194467669146 1
0.24656194467669146 1
0.24656194467669146 1
0.24656194467669146 1
0.24656194467669146 1
0.24656194467669146 1
0.24656194467669146 1
0.24656194467669146 1
0.24656194467669146 1
0.24656194467669146 1
0.24656194467669146 1
0.24656194467669146 1
0.24656194467669146 1
0.24656194467669146 1
0.24656194467669146 1
0.24656194467669146 1
0.24656194467669146 1
0.24656194467669146 1
0.24656194467669146 1
0.24656194467669146 1
0.24656194467669146 1
0.24656194467669146 1
0.24656194467669146 1
0.22800177396312157 0
0.22800177396312157 0
0.22800177396312157 0
0.22800177396312157 0
0.22800177396312157 1
0.22800177396312157 1
0.22800177396312157 1
0.22800177396312157 1
0.22800177396312157 1
0.22800177396312157 1
0.22800177396312157 1
0.22800177396312157 1
0.22800177396312157 1
0.22800177396312157 1
0.22800177396312157 1
0.22800177396312157 1
0.22800177396312157 1
0.2174764001265529 0
0.2174764001265529 0
0.2174764001265529 0
0.2174764001265529 0
0.2174764001265529 0
0.2174764001265529 0
0.2174764001265529 0
0.2174764001265529 0
0.2174764001265529 0
0.2174764001265529 0
0.2174764001265529 0
0.2174764001265529 0
0.2174764001265529 0
0.2174764001265529 0
0.2174764001265529 0
0.2174764001265529 0
0.2174764001265529 0
0.2174764001265529 0
0.2174764001265529 0
0.2174764001265529 0
0.2174764001265529 0
0.2174764001265529 0
0.2174764001265529 0
0.2174764001265529 0
0.2174764001265529 0
0.2174764001265529 0
0.2174764001265529 0
0.2174764001265529 0
0.2174764001265529 0
0.2174764001265529 0
0.2174764001265529 0
0.2174764001265529 0
0.2174764001265529 0
0.2174764001265529 0
0.2174764001265529 0
0.2174764001265529 0
0.2174764001265529 0
0.2174764001265529 0
0.2174764001265529 0
0.2174764001265529 1
0.2174764001265529 1
0.2174764001265529 1
0.2174764001265529 1
0.2174764001265529 1
0.2174764001265529 1
0.2174764001265529 1
0.2174764001265529 1
0.2174764001265529 1
0.2174764001265529 1
0.2174764001265529 1
0.2174764001265529 1
0.2174764001265529 1
0.2174764001265529 1
0.2174764001265529 1
0.2174764001265529 1
0.2174764001265529 1
0.2174764001265529 1
0.2174764001265529 1
0.2174764001265529 1
0.2174764001265529 1
0.2174764001265529 1
0.2174764001265529 1
0.2174764001265529 1
0.2174764001265529 1
0.2174764001265529 1
0.2174764001265529 1
0.2174764001265529 1
0.2174764001265529 1
0.2174764001265529 1
0.2174764001265529 1
0.2174764001265529 1
0.2174764001265529 1
0.2174764001265529 1
0.2174764001265529 1
0.2174764001265529 1
0.2174764001265529 1
0.2174764001265529 1
0.2174764001265529 1
0.2174764001265529 1
0.2174764001265529 1
0.2174764001265529 1
0.2174764001265529 1
0.2174764001265529 1
0.2174764001265529 1
0.2174764001265529 1
0.2174764001265529 1
0.2174764001265529 1
0.2174764001265529 1
0.2174764001265529 1
0.2174764001265529 1
0.2174764001265529 1
0.2174764001265529 1
0.2174764001265529 1
0.2174764001265529 1
0.2174764001265529 1
0.2174764001265529 1
0.2174764001265529 1
0.2174764001265529 1
0.2174764001265529 1
0.2174764001265529 1
0.2174764001265529 1
0.2174764001265529 1
0.2174764001265529 1
0.2174764001265529 1
0.2174764001265529 1
0.2174764001265529 1
0.2174764001265529 1
0.2174764001265529 1
0.2174764001265529 1
0.2174764001265529 1
0.2174764001265529 1
0.2174764001265529 1
0.2174764001265529 1
0.2174764001265529 1
0.2174764001265529 1
0.2174764001265529 1
0.2174764001265529 1
0.2174764001265529 1
0.2174764001265529 1
0.2174764001265529 1
0.2174764001265529 1
0.2174764001265529 1
0.2174764001265529 1
0.20448131535651262 0
0.20448131535651262 0
0.20448131535651262 0
0.20448131535651262 0
0.20448131535651262 0
0.20448131535651262 0
0.20448131535651262 0
0.20448131535651262 0
0.20448131535651262 0
0.20448131535651262 1
0.20448131535651262 1
0.20448131535651262 1
0.20448131535651262 1
0.20448131535651262 1
0.20448131535651262 1
0.20448131535651262 1
0.20448131535651262 1
0.20448131535651262 1
0.20448131535651262 1
0.20448131535651262 1
0.20448131535651262 1
0.20448131535651262 1
0.20448131535651262 1
0.20448131535651262 1
0.20448131535651262 1
0.20448131535651262 1
0.20448131535651262 1
0.20448131535651262 1
0.20448131535651262 1
0.20448131535651262 1
0.14907796748644583 0
0.14907796748644583 0
0.14907796748644583 0
0.14907796748644583 0
0.14907796748644583 0
0.14907796748644583 0
0.14907796748644583 0
0.14907796748644583 0
0.14907796748644583 0
0.14907796748644583 0
0.14907796748644583 0
0.14907796748644583 0
0.14907796748644583 0
0.14907796748644583 0
0.14907796748644583 0
0.14907796748644583 0
0.14907796748644583 0
0.14907796748644583 0
0.14907796748644583 0
0.14907796748644583 0
0.14907796748644583 0
0.14907796748644583 0
0.14907796748644583 0
0.14907796748644583 0
0.14907796748644583 0
0.14907796748644583 0
0.14907796748644583 0
0.14907796748644583 0
0.14907796748644583 0
0.14907796748644583 0
0.14907796748644583 0
0.14907796748644583 0
0.14907796748644583 1
0.14907796748644583 1
0.14907796748644583 1
0.14907796748644583 1
0.14907796748644583 1
0.14907796748644583 1
0.14907796748644583 1
0.14907796748644583 1
0.14907796748644583 1
0.14658119677253809 0
0.14658119677253809 0
0.14658119677253809 0
0.14658119677253809 0
0.14658119677253809 0
0.14658119677253809 0
0.14658119677253809 0
0.14658119677253809 0
0.14658119677253809 0
0.14658119677253809 0
0.14658119677253809 0
0.14658119677253809 0
0.14658119677253809 0
0.14658119677253809 0
0.14658119677253809 0
0.14658119677253809 0
0.14658119677253809 0
0.14658119677253809 0
0.14658119677253809 0
0.14658119677253809 0
0.14658119677253809 0
0.14658119677253809 0
0.14658119677253809 0
0.14658119677253809 0
0.14658119677253809 0
0.14658119677253809 0
0.14658119677253809 0
0.14658119677253809 0
0.14658119677253809 0
0.14658119677253809 0
0.14658119677253809 0
0.14658119677253809 0
0.14658119677253809 0
0.14658119677253809 0
0.14658119677253809 0
0.14658119677253809 0
0.14658119677253809 0
0.14658119677253809 0
0.14658119677253809 0
0.14658119677253809 0
0.14658119677253809 0
0.14658119677253809 0
0.14658119677253809 0
0.14658119677253809 0
0.14658119677253809 0
0.14658119677253809 0
0.14658119677253809 0
0.14658119677253809 0
0.14658119677253809 0
0.14658119677253809 0
0.14658119677253809 0
0.14658119677253809 0
0.14658119677253809 0
0.14658119677253809 0
0.14658119677253809 0
0.14658119677253809 0
0.14658119677253809 0
0.14658119677253809 0
0.14658119677253809 0
0.14658119677253809 0
0.14658119677253809 0
0.14658119677253809 0
0.14658119677253809 0
0.14658119677253809 0
0.14658119677253809 0
0.14658119677253809 0
0.14658119677253809 0
0.14658119677253809 0
0.14658119677253809 0
0.14658119677253809 0
0.14658119677253809 0
0.14658119677253809 0
0.14658119677253809 0
0.14658119677253809 0
0.14658119677253809 0
0.14658119677253809 0
0.14658119677253809 0
0.14658119677253809 0
0.14658119677253809 1
0.14658119677253809 1
0.14658119677253809 1
0.14658119677253809 1
0.14658119677253809 1
0.14658119677253809 1
0.14658119677253809 1
0.14658119677253809 1
0.14658119677253809 1
0.14658119677253809 1
0.14658119677253809 1
0.14658119677253809 1
0.14658119677253809 1
0.14658119677253809 1
0.14658119677253809 1
0.14658119677253809 1
0.14658119677253809 1
0.14658119677253809 1
0.14658119677253809 1
0.14658119677253809 1
0.14614939050168443 0
0.14614939050168443 0
0.14614939050168443 0
0.14614939050168443 0
0.14614939050168443 0
0.14614939050168443 0
0.14614939050168443 0
0.14614939050168443 0
0.14614939050168443 0
0.14614939050168443 0
0.14614939050168443 0
0.14614939050168443 0
0.14614939050168443 0
0.14614939050168443 0
0.14614939050168443 0
0.14614939050168443 0
0.14614939050168443 0
0.14614939050168443 0
0.14614939050168443 0
0.14614939050168443 0
0.14614939050168443 0
0.14614939050168443 0
0.14614939050168443 0
0.14614939050168443 0
0.14614939050168443 0
0.14614939050168443 0
0.14614939050168443 0
0.14614939050168443 0
0.14614939050168443 0
0.14614939050168443 0
0.14614939050168443 0
0.14614939050168443 0
0.14614939050168443 0
0.14614939050168443 0
0.14614939050168443 0
0.14614939050168443 0
0.14614939050168443 0
0.14614939050168443 0
0.14614939050168443 0
0.14614939050168443 0
0.14614939050168443 0
0.14614939050168443 0
0.14614939050168443 0
0.14614939050168443 0
0.14614939050168443 0
0.14614939050168443 0
0.14614939050168443 0
0.14614939050168443 0
0.14614939050168443 0
0.14614939050168443 0
0.14614939050168443 0
0.14614939050168443 0
0.14614939050168443 0
0.14614939050168443 0
0.14614939050168443 0
0.14614939050168443 0
0.14614939050168443 0
0.14614939050168443 0
0.14614939050168443 0
0.14614939050168443 0
0.14614939050168443 0
0.14614939050168443 0
0.14614939050168443 0
0.14614939050168443 0
0.14614939050168443 0
0.14614939050168443 0
0.14614939050168443 0
0.14614939050168443 0
0.14614939050168443 0
0.14614939050168443 0
0.14614939050168443 0
0.14614939050168443 0
0.14614939050168443 0
0.14614939050168443 0
0.14614939050168443 0
0.14614939050168443 0
0.14614939050168443 0
0.14614939050168443 0
0.14614939050168443 0
0.14614939050168443 0
0.14614939050168443 0
0.14614939050168443 0
0.14614939050168443 0
0.14614939050168443 0
0.14614939050168443 0
0.14614939050168443 0
0.14614939050168443 0
0.14614939050168443 0
0.14614939050168443 0
0.14614939050168443 0
0.14614939050168443 0
0.14614939050168443 0
0.14614939050168443 0
0.14614939050168443 0
0.14614939050168443 0
0.14614939050168443 0
0.14614939050168443 0
0.14614939050168443 0
0.14614939050168443 0
0.14614939050168443 0
0.14614939050168443 0
0.14614939050168443 0
0.14614939050168443 0
0.14614939050168443 0
0.14614939050168443 0
0.14614939050168443 0
0.14614939050168443 0
0.14614939050168443 0
0.14614939050168443 0
0.14614939050168443 0
0.14614939050168443 0
0.14614939050168443 0
0.14614939050168443 0
0.14614939050168443 0
0.14614939050168443 0
0.14614939050168443 0
0.14614939050168443 0
0.14614939050168443 0
0.14614939050168443 0
0.14614939050168443 0
0.14614939050168443 0
0.14614939050168443 0
0.14614939050168443 0
0.14614939050168443 0
0.14614939050168443 0
0.14614939050168443 0
0.14614939050168443 0
0.14614939050168443 0
0.14614939050168443 0
0.14614939050168443 0
0.14614939050168443 0
0.14614939050168443 0
0.14614939050168443 0
0.14614939050168443 0
0.14614939050168443 0
0.14614939050168443 0
0.14614939050168443 0
0.14614939050168443 0
0.14614939050168443 0
0.14614939050168443 0
0.14614939050168443 0
0.14614939050168443 0
0.14614939050168443 0
0.14614939050168443 0
0.14614939050168443 0
0.14614939050168443 0
0.14614939050168443 0
0.14614939050168443 0
0.14614939050168443 0
0.14614939050168443 0
0.14614939050168443 0
0.14614939050168443 0
0.14614939050168443 0
0.14614939050168443 0
0.14614939050168443 0
0.14614939050168443 0
0.14614939050168443 0
0.14614939050168443 0
0.14614939050168443 0
0.14614939050168443 0
0.14614939050168443 0
0.14614939050168443 0
0.14614939050168443 0
0.14614939050168443 0
0.14614939050168443 0
0.14614939050168443 0
0.14614939050168443 0
0.14614939050168443 0
0.14614939050168443 0
0.14614939050168443 0
0.14614939050168443 0
0.14614939050168443 0
0.14614939050168443 0
0.14614939050168443 0
0.14614939050168443 0
0.14614939050168443 0
0.14614939050168443 0
0.14614939050168443 0
0.14614939050168443 0
0.14614939050168443 0
0.14614939050168443 0
0.14614939050168443 0
0.14614939050168443 0
0.14614939050168443 0
0.14614939050168443 0
0.14614939050168443 0
0.14614939050168443 0
0.14614939050168443 1
0.14614939050168443 1
0.14614939050168443 1
0.14614939050168443 1
0.14614939050168443 1
0.14614939050168443 1
0.14614939050168443 1
0.14614939050168443 1
0.14614939050168443 1
0.14614939050168443 1
0.14614939050168443 1
0.14614939050168443 1
0.14614939050168443 1
0.14614939050168443 1
0.14614939050168443 1
0.14614939050168443 1
0.14614939050168443 1
0.14614939050168443 1
0.14614939050168443 1
0.14614939050168443 1
0.14614939050168443 1
0.14614939050168443 1
0.14614939050168443 1
0.14614939050168443 1
0.14614939050168443 1
0.14614939050168443 1
0.14614939050168443 1
0.14614939050168443 1
0.14614939050168443 1
0.14614939050168443 1
0.14614939050168443 1
0.14614939050168443 1
0.14614939050168443 1
0.14614939050168443 1
0.14614939050168443 1
0.14614939050168443 1
0.14614939050168443 1
0.14614939050168443 1
0.14614939050168443 1
0.14614939050168443 1
0.14614939050168443 1
0.14331750143463115 0
0.14331750143463115 0
0.14331750143463115 0
0.14331750143463115 0
0.14331750143463115 0
0.14331750143463115 0
0.14331750143463115 0
0.14331750143463115 0
0.14331750143463115 0
0.14331750143463115 0
0.14331750143463115 0
0.14331750143463115 0
0.14331750143463115 0
0.14331750143463115 0
0.14331750143463115 0
0.14331750143463115 0
0.14331750143463115 0
0.14331750143463115 0
0.14331750143463115 0
0.14331750143463115 0
0.14331750143463115 0
0.14331750143463115 0
0.14331750143463115 0
0.14331750143463115 0
0.14331750143463115 0
0.14331750143463115 0
0.14331750143463115 0
0.14331750143463115 0
0.14331750143463115 0
0.14331750143463115 0
0.14331750143463115 0
0.14331750143463115 0
0.14331750143463115 0
0.14331750143463115 0
0.14331750143463115 0
0.14331750143463115 0
0.14331750143463115 0
0.14331750143463115 0
0.14331750143463115 1
0.14331750143463115 1
0.14331750143463115 1
0.14331750143463115 1
0.14331750143463115 1
0.14331750143463115 1
0.14331750143463115 1
0.14331750143463115 1
0.14197357824080592 0
0.14197357824080592 0
0.14197357824080592 1
0.13852856472201402 0
0.13852856472201402 0
0.13852856472201402 0
0.13852856472201402 0
0.13852856472201402 0
0.13852856472201402 0
0.13852856472201402 0
0.13852856472201402 0
0.13852856472201402 0
0.13852856472201402 0
0.13852856472201402 0
0.13852856472201402 0
0.13852856472201402 0
0.13852856472201402 0
0.13852856472201402 0
0.13852856472201402 0
0.13852856472201402 0
0.13852856472201402 0
0.13852856472201402 0
0.13852856472201402 0
0.13852856472201402 0
0.13852856472201402 0
0.13852856472201402 0
0.13852856472201402 0
0.13852856472201402 0
0.13852856472201402 0
0.13852856472201402 0
0.13852856472201402 0
0.13852856472201402 1
0.13852856472201402 1
0.13852856472201402 1
0.13852856472201402 1
0.1254446385283914 0
0.1254446385283914 0
0.1254446385283914 0
0.1254446385283914 0
0.1254446385283914 0
0.1254446385283914 0
0.1254446385283914 0
0.1254446385283914 0
0.1254446385283914 0
0.1254446385283914 0
0.1254446385283914 0
0.1254446385283914 0
0.1254446385283914 0
0.1254446385283914 0
0.1254446385283914 0
0.1254446385283914 0
0.1254446385283914 0
0.1254446385283914 0
0.1254446385283914 0
0.1254446385283914 0
0.1254446385283914 0
0.1254446385283914 0
0.1254446385283914 0
0.1254446385283914 0
0.1254446385283914 0
0.1254446385283914 0
0.1254446385283914 0
0.1254446385283914 0
0.1254446385283914 0
0.1254446385283914 0
0.1254446385283914 0
0.1254446385283914 0
0.1254446385283914 0
0.1254446385283914 0
0.1254446385283914 0
0.1254446385283914 0
0.1254446385283914 0
0.1254446385283914 0
0.1254446385283914 0
0.1254446385283914 0
0.1254446385283914 0
0.1254446385283914 0
0.1254446385283914 0
0.1254446385283914 0
0.1254446385283914 0
0.1254446385283914 0
0.1254446385283914 0
0.1254446385283914 0
0.1254446385283914 0
0.1254446385283914 0
0.1254446385283914 0
0.1254446385283914 0
0.1254446385283914 0
0.1254446385283914 0
0.1254446385283914 0
0.1254446385283914 0
0.1254446385283914 0
0.1254446385283914 0
0.1254446385283914 0
0.1254446385283914 0
0.1254446385283914 0
0.1254446385283914 0
0.1254446385283914 0
0.1254446385283914 0
0.1254446385283914 0
0.1254446385283914 0
0.1254446385283914 0
0.1254446385283914 0
0.1254446385283914 0
0.1254446385283914 0
0.1254446385283914 0
0.1254446385283914 0
0.1254446385283914 0
0.1254446385283914 0
0.1254446385283914 0
0.1254446385283914 0
0.1254446385283914 0
0.1254446385283914 0
0.1254446385283914 0
0.1254446385283914 0
0.1254446385283914 0
0.1254446385283914 0
0.1254446385283914 0
0.1254446385283914 0
0.1254446385283914 0
0.1254446385283914 0
0.1254446385283914 0
0.1254446385283914 0
0.1254446385283914 0
0.1254446385283914 0
0.1254446385283914 0
0.1254446385283914 0
0.1254446385283914 0
0.1254446385283914 0
0.1254446385283914 0
0.1254446385283914 0
0.1254446385283914 0
0.1254446385283914 0
0.1254446385283914 0
0.1254446385283914 0
0.1254446385283914 0
0.1254446385283914 0
0.1254446385283914 0
0.1254446385283914 0
0.1254446385283914 0
0.1254446385283914 0
0.1254446385283914 0
0.1254446385283914 0
0.1254446385283914 0
0.1254446385283914 0
0.1254446385283914 0
0.1254446385283914 0
0.1254446385283914 0
0.1254446385283914 0
0.1254446385283914 0
0.1254446385283914 0
0.1254446385283914 0
0.1254446385283914 0
0.1254446385283914 0
0.1254446385283914 0
0.1254446385283914 0
0.1254446385283914 0
0.1254446385283914 0
0.1254446385283914 0
0.1254446385283914 0
0.1254446385283914 0
0.1254446385283914 0
0.1254446385283914 0
0.1254446385283914 0
0.1254446385283914 0
0.1254446385283914 0
0.1254446385283914 0
0.1254446385283914 0
0.1254446385283914 0
0.1254446385283914 0
0.1254446385283914 0
0.1254446385283914 0
0.1254446385283914 0
0.1254446385283914 0
0.1254446385283914 0
0.1254446385283914 0
0.1254446385283914 0
0.1254446385283914 0
0.1254446385283914 0
0.1254446385283914 0
0.1254446385283914 0
0.1254446385283914 0
0.1254446385283914 0
0.1254446385283914 0
0.1254446385283914 0
0.1254446385283914 0
0.1254446385283914 0
0.1254446385283914 0
0.1254446385283914 0
0.1254446385283914 0
0.1254446385283914 0
0.1254446385283914 0
0.1254446385283914 0
0.1254446385283914 0
0.1254446385283914 0
0.12544463852839138 0
0.12544463852839138 0
0.12544463852839138 0
0.12544463852839138 0
0.12544463852839138 0
0.12544463852839138 0
0.12544463852839138 0
0.12544463852839138 0
--- Writing PR file data/seaquest/single_t/54_RZ_2461867/fire/train/train_infer/AUC/aucTemp.txt.pr ---
--- Writing standardized PR file data/seaquest/single_t/54_RZ_2461867/fire/train/train_infer/AUC/aucTemp.txt.spr ---
--- Writing ROC file data/seaquest/single_t/54_RZ_2461867/fire/train/train_infer/AUC/aucTemp.txt.roc ---
Area Under the Curve for Precision - Recall is 0.7354039706608215
Area Under the Curve for ROC is 0.8553073326848859

